1.0000000e+000 -0.0000000e+000 -0.0000000e+000 -0.0000000e+000  1.0000000e+000
 -0.0000000e+000  3.4782609e-004  4.0909091e-004  4.0909091e-004 -0.0000000e+000
 -0.0000000e+000  3.4782609e-004  4.0909091e-004  1.8038262e-002 -0.0000000e+000
 -0.0000000e+000  7.7916952e-002  4.0909091e-004  1.2903758e-001 -0.0000000e+000
 -0.0000000e+000  1.1896372e-002  1.6746933e-002  4.0909091e-004 -0.0000000e+000
 -0.0000000e+000  3.4782609e-004  4.0909091e-004  4.0909091e-004 -0.0000000e+000
 -0.0000000e+000  3.4782609e-004  2.6054922e-003  3.1078398e-005 -0.0000000e+000
 -0.0000000e+000  3.4782609e-004  4.0909091e-004  4.0909091e-004 -0.0000000e+000
 -0.0000000e+000  3.4782609e-004  2.4107545e-002  4.0909091e-004 -0.0000000e+000
 -0.0000000e+000  3.4782609e-004  4.0909091e-004  4.0909091e-004 -0.0000000e+000
 -0.0000000e+000  1.7877316e-002  4.0909091e-004  1.6315633e-001 -0.0000000e+000
 -0.0000000e+000  3.4782609e-004  3.1731207e-001  4.0909091e-004 -0.0000000e+000
 -0.0000000e+000  3.4782609e-004  4.0909091e-004  4.0909091e-004 -0.0000000e+000
 -0.0000000e+000  2.1504546e-001  4.0909091e-004  4.9490466e-002 -0.0000000e+000
 -0.0000000e+000  3.4782609e-004  4.0909091e-004  4.0909091e-004 -0.0000000e+000
 -0.0000000e+000  3.4782609e-004  4.0909091e-004  4.0909091e-004 -0.0000000e+000
 -0.0000000e+000  3.4782609e-004  4.0909091e-004  1.8908304e-002 -0.0000000e+000
 -0.0000000e+000  3.4782609e-004  4.5435942e-001  4.0909091e-004 -0.0000000e+000
 -0.0000000e+000  3.4782609e-004  4.0909091e-004  4.0909091e-004 -0.0000000e+000
 -0.0000000e+000  3.4782609e-004  4.0909091e-004  2.3186957e-003 -0.0000000e+000
 -0.0000000e+000  3.4782609e-004  4.0909091e-004  4.0909091e-004 -0.0000000e+000
 -0.0000000e+000  3.4782609e-004  4.0909091e-004  4.0909091e-004 -0.0000000e+000
 -0.0000000e+000  5.6649310e-001  4.0909091e-004  5.0176822e-001 -0.0000000e+000
 -0.0000000e+000  2.2412240e-002  7.0209210e-003  4.0909091e-004 -0.0000000e+000
 -0.0000000e+000  3.4782609e-004  4.0909091e-004  4.0909091e-004 -0.0000000e+000
 -0.0000000e+000  6.2768415e-003  4.0909091e-004  4.0909091e-004 -0.0000000e+000
 -0.0000000e+000  3.4782609e-004  7.1674893e-002  1.0825069e-001 -0.0000000e+000
 -0.0000000e+000  3.4782609e-004  8.9949981e-002  4.0909091e-004 -0.0000000e+000
 -0.0000000e+000  3.4782609e-004  4.0909091e-004  4.0909091e-004 -0.0000000e+000
 -0.0000000e+000  7.4028155e-002  4.0909091e-004  4.0909091e-004 -0.0000000e+000
 -0.0000000e+000  3.4782609e-004  4.0909091e-004  4.0909091e-004 -0.0000000e+000
 -0.0000000e+000  3.4782609e-004  6.6009896e-003  4.0909091e-004 -0.0000000e+000
