  1.0000000e+000 -0.0000000e+000 -0.0000000e+000 -0.0000000e+000  1.0000000e+000
 -0.0000000e+000  4.7619048e-004  4.0909091e-004  7.1915096e-003 -0.0000000e+000
 -0.0000000e+000  2.9520793e-002  4.0909091e-004  1.2514556e-001 -0.0000000e+000
 -0.0000000e+000  4.7619048e-004  3.0370464e-003  8.3947367e-003 -0.0000000e+000
 -0.0000000e+000  2.1486085e-001  4.0909091e-004  1.2035187e-001 -0.0000000e+000
 -0.0000000e+000  4.7619048e-004  4.0909091e-004  5.8361697e-003 -0.0000000e+000
 -0.0000000e+000  7.0541246e-002  4.0909091e-004  1.6351949e-001 -0.0000000e+000
 -0.0000000e+000  4.7619048e-004  4.0909091e-004  7.2222222e-004 -0.0000000e+000
 -0.0000000e+000  4.7619048e-004  4.0909091e-004  7.2222222e-004 -0.0000000e+000
 -0.0000000e+000  4.7619048e-004  4.0909091e-004  7.2222222e-004 -0.0000000e+000
 -0.0000000e+000  4.2017056e-002  6.7285645e-002  6.0693390e-002 -0.0000000e+000
 -0.0000000e+000  4.7619048e-004  4.0909091e-004  5.5896728e-003 -0.0000000e+000
 -0.0000000e+000  4.7619048e-004  4.0909091e-004  7.2222222e-004 -0.0000000e+000
 -0.0000000e+000  2.7213702e-001  1.1053345e-003  1.1361830e-001 -0.0000000e+000
 -0.0000000e+000  4.7619048e-004  4.0909091e-004  7.2222222e-004 -0.0000000e+000
 -0.0000000e+000  4.7619048e-004  4.0909091e-004  1.4805374e-002 -0.0000000e+000
 -0.0000000e+000  3.1277854e-002  6.6321467e-002  1.2540581e-001 -0.0000000e+000
 -0.0000000e+000  4.7619048e-004  4.0909091e-004  7.2222222e-004 -0.0000000e+000
 -0.0000000e+000  4.7619048e-004  4.0909091e-004  7.2222222e-004 -0.0000000e+000
 -0.0000000e+000  4.7619048e-004  4.0909091e-004  7.2222222e-004 -0.0000000e+000
 -0.0000000e+000  4.7619048e-004  4.0909091e-004  7.2222222e-004 -0.0000000e+000
 -0.0000000e+000  4.7619048e-004  4.0909091e-004  7.2222222e-004 -0.0000000e+000
 -0.0000000e+000  2.1936777e-001  1.7616256e-001  1.4409356e-001 -0.0000000e+000
 -0.0000000e+000  4.7619048e-004  4.0909091e-004  7.2222222e-004 -0.0000000e+000
 -0.0000000e+000  4.7619048e-004  4.0909091e-004  7.2222222e-004 -0.0000000e+000
 -0.0000000e+000  2.3672887e-002  2.6319787e-002  7.2222222e-004 -0.0000000e+000
 -0.0000000e+000  8.5368869e-002  5.3495000e-001  9.2292786e-002 -0.0000000e+000
 -0.0000000e+000  4.7619048e-004  4.0909091e-004  7.2222222e-004 -0.0000000e+000
 -0.0000000e+000  4.7619048e-004  4.0909091e-004  7.2222222e-004 -0.0000000e+000
 -0.0000000e+000  5.3555335e-004  4.7094573e-002  7.2222222e-004 -0.0000000e+000
 -0.0000000e+000  4.7619048e-004  4.0909091e-004  7.2222222e-004 -0.0000000e+000
 -0.0000000e+000  4.7619048e-004  6.8564971e-002  7.2222222e-004 -0.0000000e+000
