  1.0000000e+000 -0.0000000e+000 -0.0000000e+000 -0.0000000e+000  1.0000000e+000
 -0.0000000e+000  2.9166667e-004  1.9230769e-004  3.4782609e-004 -0.0000000e+000
 -0.0000000e+000  7.2335596e-001  1.9230769e-004  1.3097277e-001 -0.0000000e+000
 -0.0000000e+000  5.0779570e-003  1.9230769e-004  1.7824580e-001 -0.0000000e+000
 -0.0000000e+000  2.9166667e-004  1.9230769e-004  1.6617134e-002 -0.0000000e+000
 -0.0000000e+000  2.9166667e-004  1.9230769e-004  3.4782609e-004 -0.0000000e+000
 -0.0000000e+000  7.8566521e-003  1.9230769e-004  3.4782609e-004 -0.0000000e+000
 -0.0000000e+000  2.9166667e-004  1.9230769e-004  3.4782609e-004 -0.0000000e+000
 -0.0000000e+000  2.9166667e-004  1.9230769e-004  3.4782609e-004 -0.0000000e+000
 -0.0000000e+000  2.9166667e-004  1.9230769e-004  3.4782609e-004 -0.0000000e+000
 -0.0000000e+000  1.8084109e-001  1.9230769e-004  6.3421367e-001 -0.0000000e+000
 -0.0000000e+000  7.6925735e-003  3.3664126e-002  6.3990434e-003 -0.0000000e+000
 -0.0000000e+000  5.3389561e-002  1.1816647e-002  3.4782609e-004 -0.0000000e+000
 -0.0000000e+000  2.9166667e-004  1.9230769e-004  1.5852451e-002 -0.0000000e+000
 -0.0000000e+000  2.9166667e-004  1.9230769e-004  3.4782609e-004 -0.0000000e+000
 -0.0000000e+000  1.4751447e-002  1.9230769e-004  3.4782609e-004 -0.0000000e+000
 -0.0000000e+000  2.9166667e-004  1.9230769e-004  3.4782609e-004 -0.0000000e+000
 -0.0000000e+000  2.9166667e-004  1.9230769e-004  3.4782609e-004 -0.0000000e+000
 -0.0000000e+000  2.9166667e-004  1.9230769e-004  3.4782609e-004 -0.0000000e+000
 -0.0000000e+000  2.9166667e-004  1.9230769e-004  3.4782609e-004 -0.0000000e+000
 -0.0000000e+000  2.9166667e-004  1.9230769e-004  3.4782609e-004 -0.0000000e+000
 -0.0000000e+000  2.9166667e-004  1.9230769e-004  3.4782609e-004 -0.0000000e+000
 -0.0000000e+000  2.9166667e-004  4.2414856e-001  2.1090091e-003 -0.0000000e+000
 -0.0000000e+000  2.9166667e-004  2.1912109e-001  3.4782609e-004 -0.0000000e+000
 -0.0000000e+000  2.9166667e-004  1.9230769e-004  7.5901044e-003 -0.0000000e+000
 -0.0000000e+000  2.9166667e-004  1.9230769e-004  3.4782609e-004 -0.0000000e+000
 -0.0000000e+000  2.9166667e-004  1.9230769e-004  3.4782609e-004 -0.0000000e+000
 -0.0000000e+000  2.9166667e-004  1.9230769e-004  3.4782609e-004 -0.0000000e+000
 -0.0000000e+000  2.9166667e-004  1.9230769e-004  3.4782609e-004 -0.0000000e+000
 -0.0000000e+000  2.9166667e-004  3.0618988e-001  3.4782609e-004 -0.0000000e+000
 -0.0000000e+000  2.9166667e-004  1.9230769e-004  3.4782609e-004 -0.0000000e+000
 -0.0000000e+000  2.9166667e-004  1.9230769e-004  3.4782609e-004 -0.0000000e+000
